11110000000
11110000001
11110000010
11110000011
11110000100
11110000101
11110000110
11110000111
11110001000
11110001001
11100010000
11100010001
11100010010
11100010011
11100010100
11100010101
11100010110
11100010111
11100011000
11100011001
11010100000
11010100001
11010100010
11010100011
11010100100
11010100101
11010100110
11010100111
11010101000
11010101001
11000110000
11000110001
11000110010
11000110011
11000110100
11000110101
11000110110
11000110111
11000111000
11000111001
10111000000
10111000001
10111000010
10111000011
10111000100
10111000101
10111000110
10111000111
10111001000
10111001001
10101010000
10101010001
10101010010
10101010011
10101010100
10101010101
10101010110
10101010111
10101011000
10101011001
10011100000
10011100001
10011100010
10011100011
10011100100
10011100101
10011100110
10011100111
10011101000
10011101001
10001110000
10001110001
10001110010
10001110011
10001110100
10001110101
10001110110
10001110111
10001111000
10001111001
